1.00000 0.00000 0.50000 0.50000 0.50000 0.75000 0.62500 
0.00000 1.00000 0.00000 0.50000 0.25000 0.25000 0.25000 
0.50000 0.00000 1.00000 0.25000 0.62500 0.37500 0.50000 
0.50000 0.50000 0.25000 1.00000 0.62500 0.75000 0.68750
0.50000 0.25000 0.62500 0.62500 1.12500 0.56250 0.84375
0.75000 0.25000 0.37500 0.75000 0.56250 1.25000 0.90625
0.62500 0.25000 0.50000 0.68750 0.84375 0.90625 1.28125
